9.699999999999999734e-01
-1.409999999999999920e+00
5.000000000000000000e-01
-8.299999999999999600e-01
6.199999999999999956e-01
9.200000000000000400e-01
-1.000000000000000021e-02
3.400000000000000244e-01
-1.600000000000000033e-01
-1.310000000000000053e+00
-4.500000000000000111e-01
-1.050000000000000044e+00
-2.600000000000000089e-01
-5.200000000000000178e-01
-4.799999999999999822e-01
1.469999999999999973e+00
6.800000000000000488e-01
9.300000000000000488e-01
-2.399999999999999911e-01
6.999999999999999556e-01
-3.400000000000000244e-01
-2.870000000000000107e+00
-6.999999999999999556e-01
2.999999999999999889e-02
6.199999999999999956e-01
-5.600000000000000533e-01
1.510000000000000009e+00
8.599999999999999867e-01
-6.099999999999999867e-01
-2.049999999999999822e+00
4.199999999999999845e-01
5.999999999999999778e-01
6.099999999999999867e-01
1.830000000000000071e+00
-3.599999999999999867e-01
4.400000000000000022e-01
1.479999999999999982e+00
-1.510000000000000009e+00
8.000000000000000444e-01
1.530000000000000027e+00
-4.000000000000000222e-01
-4.000000000000000083e-02
1.280000000000000027e+00
1.129999999999999893e+00
-7.700000000000000178e-01
1.060000000000000053e+00
-1.129999999999999893e+00
7.299999999999999822e-01
-9.899999999999999911e-01
2.500000000000000000e-01
1.280000000000000027e+00
4.099999999999999756e-01
1.030000000000000027e+00
2.800000000000000266e-01
1.199999999999999956e-01
