8.100000000000000533e-01
-5.999999999999999778e-02
8.900000000000000133e-01
5.200000000000000178e-01
-1.280000000000000027e+00
1.199999999999999956e-01
-2.000000000000000042e-02
2.250000000000000000e+00
-9.000000000000000222e-01
-1.409999999999999920e+00
-4.799999999999999822e-01
9.300000000000000488e-01
5.799999999999999600e-01
-1.300000000000000044e+00
-1.139999999999999902e+00
2.700000000000000178e-01
-3.300000000000000155e-01
8.100000000000000533e-01
6.400000000000000133e-01
-1.489999999999999991e+00
