3.300000000000000155e-01
-1.189999999999999947e+00
9.100000000000000311e-01
1.280000000000000027e+00
-1.270000000000000018e+00
1.530000000000000027e+00
-7.000000000000000666e-02
1.439999999999999947e+00
9.100000000000000311e-01
-5.100000000000000089e-01
5.000000000000000000e-01
6.999999999999999556e-01
-1.429999999999999938e+00
3.699999999999999956e-01
-1.340000000000000080e+00
-1.189999999999999947e+00
7.500000000000000000e-01
1.169999999999999929e+00
-2.999999999999999889e-01
1.439999999999999947e+00
