-2.621562206697281461e+00
2.199131239589415365e+00
-2.767716360261520236e+00
-1.812785852231313832e+00
-1.021734671082616952e+00
-2.797842298681090689e+00
2.411441103912470574e+00
1.677201339953940051e+00
1.909030446421728255e+00
-2.709465461184254131e+00
1.540962670915719368e+00
-2.996167037942863320e+00
-9.892068521860823971e-01
-2.371816913829662088e+00
-2.750761077070334348e+00
2.241207499257874325e+00
2.223353477923207144e+00
-1.641063672289772679e+00
-5.940352940649480384e-01
-2.522842514500457156e+00
